4294967279,223
310,406
310,405
310,404
310,403
4294967279,219
310,402
310,401
310,400
310,399
310,398
310,53
310,52
310,397
4294967278,374
310,396
310,395
310,394
310,393
310,392
310,391
310,390
310,389
310,388
310,387
310,386
310,345
310,344
310,343
310,385
310,342
310,384
310,341
310,340
4294967278,371
310,339
310,338
310,337
310,336
310,50
310,335
310,334
310,333
310,332
310,331
310,330
310,329
310,328
310,51
310,49
310,327
310,326
310,325
310,324
310,323
310,322
310,321
310,320
4294967278,370
4294967278,369
4294967279,217
310,319
310,318
310,317
310,316
4294967278,367
310,315
310,314
310,313
310,312
310,311
310,310
310,309
310,308
310,307
310,306
310,305
310,304
310,303
310,302
310,301
310,300
4294967279,215
310,299
310,298
310,297
310,296
310,295
310,294
310,293
310,292
310,291
310,290
310,289
310,288
310,287
310,286
310,285
310,284
310,283
310,282
310,281
310,280
310,279
310,278
310,277
310,276
4294967279,447
310,48
310,275
310,274
310,273
310,272
310,271
310,270
310,47
310,269
310,268
310,267
310,266
310,265
310,264
310,263
310,262
310,261
310,260
310,259
310,258
310,257
310,256
310,255
310,254
310,253
310,252
310,251
310,250
310,249
310,248
310,247
310,246
310,245
310,244
310,243
310,242
310,241
310,240
310,239
310,238
310,237
310,236
310,235
310,234
310,46
310,233
310,232
310,231
310,230
310,229
310,228
310,227
4294967279,445
310,226
310,225
310,224
310,223
310,222
310,221
310,220
310,219
8,13
310,218
310,217
310,216
310,45
310,215
310,214
8,12
4294967278,363
8,11
4294967279,442
310,213
310,212
310,211
310,210
310,209
4294967278,361
310,208
310,207
310,206
310,205
310,204
310,203
310,202
310,201
310,200
310,199
4294967278,360
4294967279,440
310,198
310,197
310,196
310,195
310,194
310,193
310,192
310,191
310,190
4294967279,439
310,189
310,188
310,187
310,186
310,185
310,184
310,183
310,182
310,181
310,43
310,180
310,179
310,178
310,177
310,176
310,175
310,174
310,173
310,172
310,171
4294967294,471
4294967293,131
4294967293,130
4294967293,129
4294967293,128
4294967293,127
4294967293,126
4294967293,125
4294967293,124
4294967293,123
4294967293,122
4294967293,121
4294967293,120
4294967293,119
4294967293,118
4294967293,117
4294967293,116
4294967293,115
4294967293,114
4294967293,113
4294967293,112
4294967293,111
4294967293,110
4294967293,109
4294967293,108
4294967293,107
4294967293,106
4294967293,105
4294967293,104
4294967293,103
4294967293,102
4294967293,101
4294967293,100
4294967293,99
4294967293,98
4294967293,97
4294967293,96
4294967293,95
4294967293,94
4294967293,93
4294967293,92
4294967293,91
4294967293,90
4294967293,89
4294967293,88
4294967293,87
4294967293,86
4294967293,85
4294967293,84
4294967293,83
4294967293,82
4294967293,81
4294967293,80
4294967293,79
4294967293,78
4294967293,77
4294967293,76
4294967293,75
4294967293,74
4294967293,73
4294967293,72
4294967293,71
4294967293,70
4294967293,69
4294967293,68
4294967293,67
4294967293,66
4294967293,65
4294967293,64
4294967293,63
4294967293,62
4294967293,61
4294967293,60
4294967293,59
4294967293,58
4294967293,57
4294967293,56
4294967293,55
4294967293,54
4294967293,53
4294967293,52
4294967293,51
4294967293,50
4294967293,49
4294967293,48
4294967293,47
4294967293,46
4294967293,45
4294967293,44
4294967293,43
4294967293,42
4294967293,41
4294967293,40
4294967293,39
4294967293,38
4294967293,37
4294967293,36
4294967293,35
4294967293,34
4294967293,33
4294967293,32
4294967293,31
4294967293,30
4294967293,29
4294967293,28
4294967293,27
4294967293,26
4294967293,25
4294967293,24
4294967293,23
4294967293,22
4294967293,21
4294967293,20
4294967293,19
4294967293,18
4294967293,17
4294967293,16
4294967293,15
4294967293,14
4294967293,13
4294967293,12
4294967293,11
4294967293,10
4294967293,9
4294967293,8
4294967293,7
4294967293,6
4294967293,5
4294967293,4
4294967293,3
4294967293,2
4243767290,0
4243767289,0
4243767288,0
4243767287,0
4243767286,0
4243767285,0
4243767284,0
4243767283,0
4243767282,0
4243767281,0
4294967293,0
4294967279,89
4294967279,90
4294967279,91
4294967279,307
4294967279,481
4294967279,205
4294967279,206
4294967279,441
4294967279,92
4294967279,208
4294967279,93
4294967279,207
4294967279,435
4294967279,94
4294967279,95
4294967279,209
4294967279,485
4294967279,96
4294967279,210
4294967279,427
4294967279,403
4294967279,97
4294967279,211
4294967279,213
4294967279,393
4294967279,98
4294967279,212
4294967279,487
4294967279,99
4294967279,476
4294967279,224
4294967279,214
4294967279,100
4294967279,101
4294967279,280
4294967279,396
4294967279,492
4294967279,102
4294967279,216
4294967279,417
4294967279,103
4294967279,218
4294967279,221
4294967279,104
4294967279,220
4294967279,436
4294967279,222
4294967279,105
4294967279,106
4294967279,399
4294967279,226
4294967279,107
4294967279,108
4294967279,404
4294967279,488
4294967279,228
4294967279,232
4294967279,408
4294967279,230
4294967279,109
4294967279,110
4294967279,111
4294967279,467
4294967279,400
4294967279,453
4294967279,234
4294967279,236
4294967279,237
4294967279,112
4294967279,113
4294967279,114
4294967279,460
4294967279,502
4294967279,238
4294967279,240
4294967279,115
4294967279,462
4294967279,116
4294967279,401
4294967279,244
4294967279,242
